-47.51380983781814 -48.262018613164926 -31.827646693050905
-43.852453969907394 -53.50135070077682 -132.02696030599623
-50.26581035976824 -48.283219729389636 -129.31000426277416
-51.623521527000904 -41.12177643995142 -132.4092974794756
-30.685353814154368 -42.94549007577202 -25.2673017075639
-36.408370141577336 -44.490200387320535 -121.06977638597152
-40.87404664104168 -44.250810495288526 -59.65910575407834
-41.12016300885785 -40.24152997135941 -29.773048584062707
-46.63929378965763 -46.63298042166766 -41.681088264490484
-46.4254811971202 -46.51136935543208 -115.86311180300801
-46.55398311855418 -46.56851464459957 -47.774158867222596
-50.724842585220905 -46.15702031571543 -116.65880734067784
-34.40184609231099 -34.42990230672081 -34.086183703035374
-34.609402344044724 -34.421403071600736 -103.79964709498499
-34.58331977358778 -34.453375597175786 -39.44142267475456
-34.543905936447906 -34.22685276347873 -42.11378300351802
-31.20556122913238 -31.32064857856722 -102.15554611687833
-34.834645933790355 -31.819094152679046 -94.27669220960668
-30.821870285090164 -31.036287698776405 -40.09352490689448
-30.473545696482716 -30.293494486548006 -30.290570988710506
-29.017694862826044 -29.034298599422918 -27.274850004536393
-29.194047229892192 -29.04735039961239 -29.215372326583953
-29.00040493220151 -29.12093343879939 -29.079590166726554
-29.40343498560228 -29.32345100822479 -36.62483652765014
-24.694653093763016 -26.67949719929734 -112.39417584600297
-26.28651553309793 -25.99037668383618 -108.9028869798729
-25.001519645879647 -24.820099298341344 -26.773373159691257
-24.366861267351364 -25.61877865514933 -22.423825296617345
-20.182405352848814 -20.09441035767538 -19.07526042408291
-20.23751851167725 -20.214130550789317 -20.828200439291585
-20.91756062649871 -21.137505838924113 -21.435296271103454
-21.64452553673787 -20.879420500876222 -21.86264669672109
-17.040662808549254 -18.516337316951503 -103.25535637030696
-18.314754404528564 -18.174492190370866 -110.96687942776174
-17.61926241691648 -17.50318533067666 -24.313446408647167
-17.610138665404797 -17.413116423033216 -10.45860139735164
-15.273076444583449 -16.447268465767287 -96.94754731995329
-16.501546877798912 -16.494931020647716 -24.179149025467183
-16.41329097275233 -16.304683606194217 -16.45807434771456
-21.32070883727386 -21.92926869322097 3.321522030005074
10.227099288339469 -17.281598611512496 -97.08938075149412
-16.796676914392652 -15.175584416354178 -27.616511586756058
-17.58575010961886 -5.208981981896535 -98.67800071930088
-19.52567129347821 -13.986817256075842 15.196722488776523
7.621002726123352 -9.168110935107537 -86.9221071123283
-5.7182638961678265 -6.373422581535372 -18.003367099087633
-3.3535179188039215 1.2780945238670676 87.17977033843934
61.190797710533595 -9.006000471186058 -100.06998107219394
-7.613742802827097 -9.071197591805655 -9.184206393174367
-3.044820257305375 29.661240811185852 -28.720521045362347
-3.148224626118081 -6.962367007623838 141.71971641225903
0.28050238212467793 -14.103858330779241 -62.53643187454255
83.85217681968055 -0.0975 -0.1
7.567936490607345 0.0 -29.817803335003994
-0.05266557058531851 207.31509343696035 -14.789584978510366
15.782139770805966 7.754290609357132 274.39044559808605
-30.95270674492618 -30.742810971860976 -30.44975684280458
-30.529427479295016 -30.63375298706528 -30.62249837183486
-31.535622365996225 -31.56234290533588 -94.83814170615008
-41.106371309488345 -31.955274143965195 -104.96479228027154
-27.22123376921464 -27.34808761917094 -25.311520627976993
-26.69562164826185 -26.83096344423601 -27.54560681203994
-28.001667980375093 -28.1322682524413 -104.85781325062536
-28.1667113338585 -28.043905334983343 -111.89582848365532
-16.247902529529096 -17.572639320219213 -16.229250485000314
-15.496770648457161 -15.636088740142295 -15.799577467568488
-16.66345721116299 -16.777984020215754 -100.1111493088662
-17.19367948633527 -17.17039144129445 -108.8599596653398
-37.26290262815117 -41.67803253785592 -115.8298788593034
-41.65546810298816 -39.852849859078056 -39.21484801381819
-40.78777630933998 -36.1854766569794 -117.57810390448559
-40.41633432556288 -40.06885666430542 -33.01678383491501
-26.451530142136995 -27.30239268650555 -110.69851472889503
-26.997573218660456 -33.714017309284564 -21.42690036064882
-26.242061414230314 -26.242670562062404 -107.94564220761056
-26.335003589014796 -26.337334629408506 -32.77054045217196
-16.755812286224845 -16.816003138561868 -99.07407646124364
-19.124812424138582 -17.302141899030236 -29.828785821920416
-17.304818190864136 -17.2305328802653 -67.46477551148719
-16.978348692394416 -17.027379930501787 -21.121627039736865
-13.7136776831381 -13.736648653060985 -50.84250707202453
-13.764733830239022 -13.748098285844517 -17.172624617588646
-13.757113553486933 -13.747805448711388 -73.54041219219671
-13.759354249074368 -13.72991908446328 -15.15986148651893
-5.605006615284547 -5.780369465663229 -5.447904907696855
-6.48907079596513 -7.309756517883444 -7.048887416822048
-6.572239663728713 -14.090512922646381 -15.585809684153954
-5.308057351356183 -5.178293156096593 -48.57190183756429
-6.858438002060232 -8.700504039305116 35.092424389126
-4.780108243881326 -6.602772483211157 -25.24131205533851
-6.71003899907549 -6.694473693728375 -12.94143248987528
-6.77479001737967 -6.768751994983887 -49.419217074828836
132.43112038216245 -0.1 -0.07341357787625895
-0.05 3.476698583313754 -5.170803827882949
-0.05 47.68931444418338 -1.1790284645287779
-0.12153557160269014 6.142900043335475 269.3651153782804
