-50.4421603995891 -50.50715466274315 -41.291112782306094
-46.18274991709293 -53.50135070077682 -132.02696030599623
-50.26581035976824 -48.4885914848165 -129.31000426277416
-52.02942398326856 -45.862467141932726 -132.2142473373816
-36.700064106417486 -43.56989009476883 -36.12072941540291
-39.12831727013699 -40.46525667064198 -120.38076520611442
-41.70762024770057 -36.184462442399045 -59.65910575407834
-40.38516474852665 -39.52081007790366 -30.540191115456356
-31.508533276129615 -32.74161797209563 -31.255445957096043
-32.30411135897445 -28.692693147972644 -116.267311255097
-27.058125646040356 -28.061850656342283 -37.93895655619298
-27.970549674433407 -30.262084513835088 -115.71312304735798
-17.740750674893455 -19.921419143205465 -14.459545859328106
-16.209630813529525 -15.8867107198434 -98.05691995842983
-15.468582648830084 -13.809442091600648 -22.11930067920772
-14.116592379475714 -16.249326571661058 -12.422188646169799
-10.783355045253442 -11.842311386906188 -94.13867455562763
-12.724978890874118 -8.388240566664253 -84.54744767393201
-6.461304654991432 -7.080090561999258 -14.340284029580582
-7.788800863369187 -6.749973090602664 -6.04104653020555
-9.08874688524353 -9.249590176488429 -6.035908444407893
-9.269666066121479 -11.636334243707621 -11.465103752279314
-11.876448883824267 -11.539216234620191 -12.163806380963978
-12.310038648467689 -7.860195083348427 -9.401260357155651
-12.196080006683337 -13.487474956168446 -99.60261631951045
-13.669306089586687 -13.83303477196361 -105.16146986806767
-13.908510670778714 -12.309444639042223 -20.151541113437215
-11.356351707131775 -11.830586198912167 -11.232497817716839
-12.655758502513832 -13.228783637642302 -10.989041923890715
-12.469793030967118 -13.276662298094077 -14.336787507284999
-13.214480114321413 -12.608485217567278 -13.564990215015575
-13.271170019066181 -12.469792280000721 -11.324069442012648
-9.994218004925383 -11.150291921665508 -97.91349578169164
-10.929602575839013 -10.632530843888425 -103.87563550722967
-10.68555062008255 -9.686125382815256 -26.261857672796612
-10.485243726640931 -10.89076336799095 -7.906250681701396
-7.357638734665879 -7.5308294073065385 -94.88152694755226
-8.219783757439636 -7.726963475206621 -12.955596451120114
-7.267423597067663 -6.756579167985972 -10.014828936274235
-7.429990853485339 -7.776272338045735 -5.779594981030879
-7.299944935948884 -7.3538519256922905 -93.7896060739635
-7.235828147753504 -7.010031440271544 -23.717986585634314
-6.96994452686444 -6.723883216550898 -92.16971242760602
-6.863631539597372 -7.415584549077543 -6.03435277977148
-3.0118123543359068 -2.6684995049750793 -84.50875045263993
-2.0722425691988997 -1.4890800536569093 -6.5751208935151935
-1.7634996585039595 -2.579885222992858 -1.7245054694925797
-3.3222355402826977 -3.7360448616787907 -92.93658869086741
-0.29719643800764706 -0.20224999999999999 -0.5896798915243765
-0.29030625 -0.19625 -23.133166138858826
-0.7575868211757814 -0.6979954134117868 -0.494321749475706
-0.56427340125 -0.38290028959647004 -19.170395063709996
0.0 -0.0975 -0.1
-0.0975 0.0 -20.35042305778708
-0.18549375 0.2753261613565331 -3.7622482801976562
-0.04311684596608667 0.0 14.913046454261323
-8.418135959536595 -7.579115434705453 -7.257335927853871
-7.1267343329912665 -7.78039119605346 -9.733051732862359
-9.815112254005422 -8.404616440251125 -83.56508914534012
-8.437147680169774 -7.852927212256088 -87.99370819240612
-8.908761372353755 -7.1555102681531695 -7.005652129201676
-7.425705568598843 -8.938051253701435 -10.677215503460145
-11.361479255223845 -12.081091030264318 -99.09946279583512
-12.50559331295605 -9.594023924079597 -102.3941674931238
-11.054683762129418 -10.08991156675205 -6.493233255634132
-9.622971246306468 -9.405872140353457 -11.785506163825993
-10.174895446071867 -10.896091783298969 -101.1412904976895
-10.864974144536323 -10.36550482694438 -104.94798520820405
-23.948006874162957 -18.92382018667613 -107.19113497569441
-17.27323484579666 -16.19275899117048 -13.62589198718106
-17.569506940431385 -22.68934996584213 -110.33815855498501
-23.173824985431363 -24.722758554403324 -32.21563666670187
-5.772491703806321 -4.10900937000633 -62.71075441377136
-4.181179730391479 -3.3478207896876224 -13.343276993594978
-4.93729538469067 -4.5737287000154545 -50.95537733006272
-7.461311247132964 -7.006933287746951 -12.050190495873562
-1.2359665359375 -1.380975496875 -38.26617814463876
-0.7428203437500001 -0.95224375 -1.9325368975197512
-0.499957 -0.9926454809375 -16.454973653908382
-1.3665122006250001 -2.691253007353806 -2.164990691106943
-0.4256588875 -0.6012528 -6.062641818096774
-0.39832 -1.2633084124310001 -0.96788539
-1.2606247020249999 -0.42792796000000005 -28.64447790222057
-1.231671934025 -0.7581990000000001 -0.9589528992187499
-0.46124925000000006 -0.15000000000000002 -0.28725
-0.427875 -0.3078445134375 -0.59559416
-0.9126842245546876 -0.31475925000000005 -10.060298487285735
-0.6786571875 -0.55648125 -18.112323377887623
-0.3709875 -0.3709875 -0.05
-0.197 -0.1 -5.202697277961133
-0.10125 -0.38398653125 -0.5718257634375
-0.19753125000000002 -0.3759425 -11.068975000532994
0.5788198552976839 0.0 -0.05
-0.05 0.0 -5.170803827882949
-0.05 1.5130298196735206 -0.53475215625
-0.12153557160269014 -0.0975 28.857794211907354
