-15.460806 -15.371891 -15.430415
-15.202400 -15.023707 -19.323914
-15.067048 -15.166940 -19.321675
-15.226050 -15.404493 -19.290674
-13.102137 -13.062003 -13.166138
-12.281704 -12.431600 -19.431796
-11.346007 -11.367504 -12.976089
-10.090158 -9.948765 -10.430035
-13.136694 -13.094339 -12.310559
-12.838339 -13.076503 -19.477985
-13.012809 -13.183890 -20.223356
-13.011532 -13.070444 -19.446097
-6.533367 -6.644038 -6.473032
-5.640352 -5.397501 -10.330404
-3.997842 -4.708412 -4.091933
-3.908800 -4.094743 -4.244638
-5.919270 -5.441807 -10.035000
-4.473110 -4.225591 -10.337677
-2.846045 -2.782178 -12.360322
-3.519596 -2.908612 -3.154050
-1.748500 -1.710000 -1.540000
-0.900000 -0.900000 -1.071899
-0.900000 -0.900000 -1.025000
-1.710000 -1.732500 -2.206000
-1.520000 -0.800000 -10.363541
-0.800000 -0.800000 0.000000
-0.800000 -0.800000 0.000000
-0.800000 -0.800000 -0.700000
-0.700000 -0.700000 -0.600000
-0.700000 -0.700000 0.000000
-0.700000 -0.700000 0.000000
-0.700000 -0.700000 -0.600000
0.000000 0.000000 0.000000
0.000000 0.000000 0.000000
0.000000 0.000000 0.000000
0.000000 0.000000 0.000000
-0.500000 -0.500000 -10.373378
-0.500000 -0.500000 0.000000
-0.500000 -0.500000 0.000000
-0.500000 -0.500000 0.000000
0.000000 0.000000 0.000000
0.000000 0.000000 0.000000
0.000000 0.000000 0.000000
0.000000 0.000000 0.000000
0.000000 0.000000 0.000000
0.000000 0.000000 0.000000
0.000000 0.000000 0.000000
0.000000 0.000000 0.000000
0.000000 0.000000 0.000000
0.000000 0.000000 0.000000
0.000000 0.000000 0.000000
0.000000 0.000000 0.000000
0.000000 0.000000 0.000000
0.000000 0.000000 0.000000
0.000000 0.000000 0.000000
0.000000 0.000000 0.000000
-1.968375 -2.761896 -2.479500
-1.925000 -1.948688 -2.293186
-2.735000 -2.839856 -10.346936
-3.509000 -4.179075 -10.231018
-0.800000 -0.800000 -0.700000
-0.800000 -0.800000 0.000000
-0.800000 -0.800000 -10.355542
-1.520000 -1.520000 -10.122028
-0.600000 -0.600000 -0.500000
-0.600000 -0.600000 0.000000
-0.600000 -0.600000 0.000000
-0.600000 -0.600000 -10.370974
-11.657332 -11.658005 -20.211734
-11.554150 -11.537416 -12.969955
-11.546272 -11.682154 -19.601220
-12.099045 -12.119578 -10.761329
-1.354000 -1.930250 -10.032500
-1.363688 -1.347500 -1.479761
-1.330000 -1.364413 -10.317009
-1.914500 -1.930250 -1.751350
-0.500000 -0.500000 -10.383515
-0.500000 -0.500000 0.000000
-0.500000 -0.500000 -10.377881
-0.950000 -0.950000 -0.767500
-0.400000 -0.400000 0.000000
-0.400000 -0.400000 0.000000
-0.400000 -0.400000 0.000000
-0.400000 -0.400000 -0.577500
-0.300000 -0.300000 0.000000
-0.300000 -0.300000 0.000000
-0.300000 -0.300000 -10.247869
-0.570000 -0.300000 -10.066500
0.000000 0.000000 0.000000
0.000000 0.000000 0.000000
0.000000 0.000000 0.000000
0.000000 0.000000 0.000000
0.000000 0.000000 0.000000
0.000000 0.000000 0.000000
0.000000 0.000000 0.000000
0.000000 0.000000 0.000000
